Car	Best Lap Time	Sector 1	Sector 2	Sector 3
1	100.84	26.07	34.15	40.62
11	100.75	27.38	36.79	36.57
16	95.26	32.24	31.09	42.77
55	92.54	37.19	35.51	37.38
63	82.93	41.60	26.40	26.98
44	87.79	34.63	29.51	41.54
31	87.40	42.57	31.89	41.30
10	93.93	30.15	40.57	37.52
4	95.63	29.42	28.96	37.25
81	81.63	40.65	39.39	29.01
77	89.22	33.68	29.62	32.71
24	82.06	36.11	25.29	32.60
14	102.62	39.75	30.21	37.99
18	99.40	38.72	41.20	38.96
20	93.94	25.12	35.66	41.88
27	89.70	35.37	33.01	32.24
22	92.27	38.56	28.06	25.66
3	102.75	28.75	37.38	39.01
23	86.45	25.11	31.10	30.23
2	110.36	31.04	38.14	41.18

Best Sector Times:
S1: 25.06
S2: 25.07
S3: 25.08

Best Lap Time: 81.63 by Car 81
