Car	Best Lap Time	Sector 1	Sector 2	Sector 3
1	98.80	43.43	29.43	40.78
11	100.75	26.95	41.16	32.75
16	95.26	41.99	41.63	39.29
55	92.54	37.49	35.05	36.58
63	82.93	40.12	36.99	27.78
44	87.79	40.55	41.89	39.71
31	87.40	38.14	44.91	43.72
10	93.93	31.26	27.11	42.77
4	87.11	28.47	43.75	40.22
81	81.63	30.41	28.99	30.75
77	89.22	29.44	35.14	40.57
24	82.06	30.89	36.22	37.89
14	96.52	38.48	37.59	41.65
18	99.40	25.57	36.81	37.35
20	88.05	30.69	26.54	42.60
27	89.70	32.20	33.86	32.57
22	90.48	31.51	42.39	37.15
3	94.54	39.99	32.98	32.34
23	86.45	36.99	26.36	43.03
2	76.46	38.50	34.21	34.43

Best Sector Times:
S1: 25.06
S2: 25.07
S3: 25.08

Best Lap Time: 76.46 by Car 2
