Car	Best Lap Time	Sector 1	Sector 2	Sector 3
1	97.48	43.51	36.36	27.45
11	84.46	27.24	31.48	27.13
16	95.26	43.14	38.36	34.75
55	84.61	41.00	32.82	39.32
63	82.93	33.94	32.50	36.16
44	84.00	39.07	29.41	25.13
31	87.40	38.14	44.91	43.72
10	93.93	25.93	44.38	30.93
4	84.25	25.00	28.10	31.16
81	81.63	37.67	30.63	32.22
77	89.22	29.99	37.94	29.13
24	82.06	40.30	35.74	32.86
14	96.52	27.67	43.56	34.19
18	86.38	35.54	32.91	44.79
20	80.71	39.36	36.60	33.17
27	89.70	33.90	37.95	25.61
22	88.16	36.37	26.11	25.69
3	93.11	25.73	35.79	31.59
23	86.45	33.27	36.26	43.97
2	76.46	39.35	33.00	38.00

Best Sector Times:
S1: 25.00
S2: 25.07
S3: 25.06

Best Lap Time: 76.46 by Car 2
