Car	Best Lap Time	Sector 1	Sector 2	Sector 3
1	95.54	34.35	38.56	39.57
11	80.30	31.79	36.03	39.32
16	95.26	31.64	44.25	42.69
55	84.61	41.30	42.73	39.71
63	82.93	39.62	38.05	37.28
44	84.00	39.07	38.55	41.91
31	87.40	38.14	44.91	43.72
10	93.93	27.34	30.82	36.46
4	84.25	39.85	41.92	26.95
81	81.63	38.75	28.71	36.08
77	80.59	33.01	39.71	26.51
24	82.06	28.42	27.01	33.33
14	96.52	27.89	37.74	34.92
18	86.38	30.85	34.23	31.10
20	80.71	29.00	30.10	36.53
27	89.70	36.58	34.21	30.72
22	88.16	32.98	35.67	36.99
3	93.11	41.88	29.54	41.31
23	86.45	37.82	25.94	38.12
2	76.46	27.59	37.91	43.38

Best Sector Times:
S1: 25.00
S2: 25.06
S3: 25.06

Best Lap Time: 76.46 by Car 2
