Car	Best Lap Time	Sector 1	Sector 2	Sector 3
1	84.81	34.21	42.92	39.88
11	80.30	41.32	36.01	43.21
16	78.86	26.30	38.69	30.08
55	84.61	37.74	26.14	26.49
63	82.93	43.40	39.53	44.35
44	84.00	34.79	25.57	31.99
31	87.40	38.14	44.91	43.72
10	88.87	41.09	33.78	44.07
4	84.25	39.85	41.92	26.95
81	81.63	35.76	39.86	37.74
77	80.59	31.78	33.85	30.97
24	79.26	44.67	28.94	36.50
14	87.03	37.15	25.12	26.00
18	85.03	36.10	44.78	31.83
20	80.71	29.00	30.10	36.53
27	89.70	36.58	34.21	30.72
22	88.16	32.98	35.67	36.99
3	93.11	41.88	29.54	41.31
23	86.45	37.82	25.94	38.12
2	76.46	27.59	37.91	43.38

Best Sector Times:
S1: 25.00
S2: 25.06
S3: 25.06

Best Lap Time: 76.46 by Car 2
